rutas = struct();
rutas.Ruta4020.Ida = [4.593216, -74.178910];
rutas.Ruta4020.Vuelta = [4.6096941, -74.0738544];

rutas.Ruta4104.Ida = [4.587917000000000, -74.149976900000000];
rutas.Ruta4104.Vuelta = [4.562243400000000, -74.083503800000000];

rutas.Ruta4104S2.Ida = [4.587954800000000, -74.172482000000000];
rutas.Ruta4104S2.Vuelta = [4.652558600000000, -74.061468400000000];

rutas.Ruta4020S2.Ida = [4.575836400000000, -74.168218100000000];
rutas.Ruta4020S2.Vuelta = [4.676501100000000, -74.141395100000000];
